Function	Gene Name	kon_ESC	koff_ESC	OR_ESC	kon_MAF	koff_MAF	OR_MAF				
Alveolar	Vdr	0.02049426	0.44810922	NA	0.29150803	3.45779241	5.387387387				
Alveolar	Foxp1	0.56960132	11.05785755	3.126315789	0.9184981	129.4728043	3.895833333				
Alveolar	Srebf2	0.3645306	0.68434667	2.256	0.16822582	1.10681939	3.148148148				
Alveolar	Zfp664	0.94687186	103.5385355	0.974358974	0.552066	84.19370992	2.440677966				
Alveolar	Xbp1	1.07606676	13.83495377	1.069264069	1.4227651	14.03768658	2.37037037				
ESC	Eno1	0.92254149	1.09071762	NA	0.50588736	1.37944096	14.13793103				
ESC	Trip13	0.5968457	2.86059689	1.736842105	0.14862917	3.46571851	6.013824885				
ESC	Csrp2	0.60541105	0.27456542	NA	0.09504753	0.22329357	4.972972973				
ESC	Tcf19	0.37074436	1.40259459	2.229102167	0.23477777	2.66764727	4.803439803				
ESC	Phc1	1.86602185	13.17014822	1.688311688	0.25365615	47.95716805	4.558441558				
ESC	Mtf2	1.31990989	1.30503126	3.32	0.44690905	43.49939718	3.885135135				
ESC	Trip6	0.62401841	28.76437698	2.329411765	1.18245614	99.07082209	3.515				
ESC	Tead2	0.71494471	26.25809526	2.643356643	0.4992636	130.950383	3.010457516				
ESC	Btf3	0.26957474	0.36528653	1.674641148	0.15282564	0.31165715	2.89021164				
ESC	Yy1	0.33535407	0.55696467	1.173913043	0.55711549	2.40687859	1.753283302				
ESC	Tgif1	1.62561248	161.8976369	1.355555556	0.79804777	112.6794611	1.422136422				
ETC	Cox6a1	3.29323149	4.76708594	0	4.12014955	132.9126886	NA				
ETC	Ndufa12	3.95606877	8.53794307	NA	3.08378234	93.20527155	NA				
ETC	Ndufb8	3.18244428	8.6219739	NA	3.25065864	128.7742804	NA				
ETC	Uqcr10	3.38294322	8.64243523	NA	3.54164127	303.0942621	35.83333333				
ETC	Park7	3.12119756	147.3996134	NA	0.69094267	3.20972848	23.70535714				
ETC	Etfb	2.1619195	14.48034886	1.233333333	1.03572076	12.65838843	17.55384615				
ETC	Cdk1	0.51283447	0.71286035	9.333333333	0.246007412	15.832103	14.25925926				
ETC	Ndufs6	1.85984083	2.76946432	NA	1.56630182	8.61334107	6.253968254				
ETC	Sdhb	2.98980633	107.2777853	11.2	1.97323981	19.00647762	5.694444444				
ETC	Ndufa10	4.40466579	105.2461185	NA	1.35714476	13.64986722	5.2				
ETC	Mybbp1a	1.35527898	4.50588983	2.851851852	0.6110056	8.76676897	4.994949495				
ETC	Ndufs2	0.48790786	0.68604011	1.725490196	0.35926177	1.99230338	4.639934534				
ETC	Ndufs1	0.64895288	2.01969464	0.332307692	0.953778605	325.334613	4.483743842				
ETC	Por	0.78068843	3.36783913	0.435483871	0.99325045	195.9059848	4.120048019				
ETC	Sod2	0.78943761	1.18868761	4.666666667	0.47587845	2.49652542	3.628303495				
ETC	Ndufs8	0.83296708	1.98143443	2.555555556	1.61551797	88.60716571	3.438914027				
ETC	Slc25a12	0.71855904	0.90322495	2.088235294	0.71584058	32.05647901	2.997808619				
ETC	Ndufv1	0.81765075	1.06084042	1.885714286	0.79153251	4.3431356	2.986710963				
ETC	Ndor1	0.51926599	1.49660694	1.824561404	0.29606823	1.04838027	2.933786078				
ETC	Ndufa5	1.9899113	4.98298302	0	1.4891685	23.11905196	2.861111111				
ETC	Gba	0.92856058	1.85767514	2.36969697	0.9512471	19.06948759	2.683333333				
ETC	Ndufs4	1.75594543	4.79161416	3.761904762	1.61452959	190.3357214	2.662337662				
ETC	Cox5b	2.38544122	67.11288069	1.64	2.92477772	347.0833884	2.538461538				
ETC	Ndufc2	1.17274675	1.195527	2.314285714	2.00281388	16.42430181	2.230769231				
ETC	Mtch2	0.16797752	0.1784985	0.434210526	0.30029084	1.53244548	2.12195122				
ETC	Dguok	0.3187803	0.90064924	1.278846154	0.50794887	54.20171159	2.102272727				
ETC	Dld	0.86035051	2.19703247	1.022675737	0.77562102	214.1992019	2.068965517				
ETC	Bid	0.694526	3.40227245	0.571428571	0.65347562	3.63331764	2.015853659				
ETC	Ndufb3	3.10740239	8.30427915	0	1.1235489	2.12606772	2.011363636				
ETC	Ndufa8	1.08622456	2.81643729	0.722222222	1.10567339	10.98173114	2.003571429				
ETC	Sdhc	0.35871039	0.35060164	1.4	0.9189735	1.67398851	1.822916667				
ETC	Etfdh	0.77153349	2.39596003	0.781954887	0.79363504	16.18221508	1.793939394				
ETC	Ndufaf1	0.30387479	0.65234312	0.339705882	0.50049866	6.59798363	1.66893617				
ETC	Coq7	0.82208552	1.00102128	3.705882353	0.52174878	2.13012693	1.607949413				
ETC	Slc25a13	3.19308613	7.46184055	0	0.63492977	16.47299145	1.606060606				
ETC	Ndufv2	3.15055407	33.655113	0	1.36466279	2.03727609	1.421428571				
ETC	Sdha	3.4664651	14.78508648	NA	1.32613734	11.5077926	1.172619048				
ETC	Sdhaf2	0.55864747	4.19429401	1.08	0.83600898	126.3597368	0.997701149				
ETC	Cox5a	4.24268818	23.36021169	NA	2.28856154	335.9372172	0				
ETC	Cox7c	2.65580405	5.79603031	NA	3.10678951	126.8595809	0				
ETC	Ndufb6	2.18442305	11.24841852	22	1.78288805	410.141977	0				
ETC	Ndufv3	2.7857679	26.53926663	NA	1.95438554	576.826099	0				
ETC	Uqcrc1	3.14822636	22.67869222	NA	1.58533189	119.6099859	0				
Fibroblast	TSC22D1	4.42540971	62.73191137	NA	1.70466483	169.1498973	14.83636364				
Fibroblast	ID3	0.13568058	1.12590599	3.461538462	0.97544543	20.94797641	8.514705882				
Fibroblast	NFATC4	0.092136612	72.9223621	37.33333333	0.0376827	2.05810837	6.333333333				
Fibroblast	ZBTB38	0.41085579	2.15201602	15.54901961	0.56532721	126.9495718	2.98655914				
Fibroblast	ID1	0.13501387	0.69986119	3.333333333	0.87318176	47.90411897	1.882105263				
Germ	Smc3	2.11151204	5.59454379	14.66666667	0.42801402	26.93298236	4.349034749				
Germ	Gata2	0.04102765	1.665676	13.33333333	0.18354939	4.29925325	3.612903226				
Germ	Zscan12	0.43485408	3.87034119	1.159090909	0.27247656	8.24259596	3.296650718				
Germ	Gtf2ird1	1.33556003	32.51285454	0.929032258	0.72324828	18.15916061	2.558666667				
Germ	E2f4	0.79256438	0.98859232	0.764705882	0.63392733	107.833155	2.023584906				
mRNA Processing	Hnrnpa2b1	2.13668414	3.25393442	0	1.12514663	3.28889526	71.484375				
mRNA Processing	Malat1	3.61594775	18.44477395	NA	0.71471842	3.12624838	64.2				
mRNA Processing	Pabpc1	3.68850939	5.1325892	NA	1.4231407	144.646585	26.5				
mRNA Processing	Ern1	0.03159895	0.33134906	14.33333333	0.06366638	1.5123442	20.1				
mRNA Processing	Sf3b1	3.31822974	304.9087601	NA	1.07122908	159.812065	19.74747475				
mRNA Processing	Npm1	3.09282945	4.36941445	NA	0.94417033	2.83740194	19.71428571				
mRNA Processing	Fastkd5	0.32374484	1.65385952	4.722222222	0.37126017	70.53545246	15.12605042				
mRNA Processing	Ik	0.9970641	1.45753741	0	0.83820551	3.70081559	13.03703704				
mRNA Processing	Hspa8	2.99383478	7.08227652	NA	1.03835845	3.34668747	12.75				
mRNA Processing	Puf60	0.93757058	1.12538846	1.365384615	0.64961837	3.03182889	12.03663004				
mRNA Processing	Zrsr1	0.26121315	101.9418646	14.4	0.0656272	0.99337657	10.66666667				
mRNA Processing	App	0.23894425	20.19127401	2.699074074	1.36027404	31.7036949	10.1				
mRNA Processing	Srsf5	1.38705838	1.00610422	0	1.02074259	2.20461382	10.06666667				
mRNA Processing	Ncl	3.28056583	10.72798066	NA	1.05214164	17.53812033	9.794871795				
mRNA Processing	Coil	0.59511632	151.3938444	2.251082251	0.04148614	8.66475432	8.844444444				
mRNA Processing	Hnrnpm	1.2263129	2.30569048	1.392857143	0.39098238	1.18270861	8.610810811				
mRNA Processing	Son	2.21748704	4.45986393	NA	0.77990692	3.06563903	8.523809524				
mRNA Processing	Acin1	2.3625025	46.13488128	0	0.5952683	2.11502051	8.072727273				
mRNA Processing	Nup98	0.08535269	0.18372664	2.264957265	0.13158606	1.2658444	7.989583333				
mRNA Processing	Usp49	0.07475005	0.32638945	2.454545455	0.123410983	231.340777	7.409230769				
mRNA Processing	Pcf11	0.6130574	1.88060811	2.021390374	0.447786941	395.19066	7.111428571				
mRNA Processing	Rbm5	0.924626288	286.969431	1.355555556	0.90686278	3.70003367	7.103703704				
mRNA Processing	Rbm25	1.91587891	4.69266038	NA	0.73012971	1.87952328	7.0975				
mRNA Processing	Cwf19l1	0.307791	1.27801749	1.784615385	0.26471949	89.28598245	6.837606838				
mRNA Processing	Sf3a3	1.67025418	2.25316469	NA	0.83946226	15.10032874	6.806949807				
mRNA Processing	Prpf40a	1.23309897	2.38505801	3.32	0.58062797	2.06065333	6.548387097				
mRNA Processing	Prdx6	0.73791023	1.31141508	3.444444444	1.1799757	10.1261766	6.388571429				
mRNA Processing	Rrp1b	0.80112899	1.94527893	2.791666667	0.30693658	56.13403529	6.362433862				
mRNA Processing	Sf3b2	0.80233111	0.97021569	3.041666667	0.71100737	3.1993481	6.334429825				
mRNA Processing	Eftud2	1.52018692	1.88310195	29.66666667	0.78691523	3.62023622	6.30952381				
mRNA Processing	Tra2b	1.66879475	1.83161934	9.666666667	0.49022201	1.31474072	6.15				
mRNA Processing	Zc3h13	0.99308585	2.61115871	0.654545455	0.42556291	1.3176276	6.141935484				
mRNA Processing	Ddx23	0.25213449	79.08193642	2.363636364	0.12335683	0.62833304	5.660341556				
mRNA Processing	Aurkaip1	1.73716276	2.49436294	0.734693878	1.70649601	406.7463497	5.625				
mRNA Processing	Lsm6	1.25048603	4.05711123	2.272727273	0.99756124	39.80871276	5.413333333				
mRNA Processing	Lsm4	3.08629284	65.68786715	0	1.1169148	9.07881254	5.082608696				
mRNA Processing	Zcchc8	0.38943911	0.28417258	1.222826087	0.44004363	1.62600411	5.059171598				
mRNA Processing	Arl6ip4	0.20482	0.20739928	1.04	0.46711841	1.22217536	5.051679587				
mRNA Processing	Srsf4	1.31940009	10.85134535	0.944444444	0.47456955	131.2565484	4.867172676				
mRNA Processing	Ythdc1	0.89390748	88.91324026	1.982608696	0.5534163	80.15963894	4.846153846				
mRNA Processing	Pnn	1.54833971	2.0308706	0	0.72072243	4.02215659	4.785714286				
mRNA Processing	Snrpa1	2.35250711	9.0981542	0	0.95625069	60.69617452	4.533613445				
mRNA Processing	Rnps1	1.16024646	2.52939272	0.656410256	1.45584065	175.2752107	4.493859649				
mRNA Processing	U2af2	0.50248569	0.8056923	3.588541667	0.33533424	2.38945128	4.377880184				
mRNA Processing	Tardbp	1.08046615	1.0974135	1.222222222	0.89119753	17.99360317	4.345263158				
mRNA Processing	Cwc15	3.11845999	239.718123	0	1.14563271	5.65231617	4.289473684				
mRNA Processing	Ppil1	1.20904631	2.62660888	9.666666667	0.58966407	5.25147516	4.287587413				
mRNA Processing	Safb	0.94306886	2.30749792	1.777777778	0.45256225	3.89956475	4.212878788				
mRNA Processing	Prpf3	0.71268338	38.47147054	1.526627219	0.309513574	196.909738	4.133333333				
mRNA Processing	Snrnp70	1.50809687	4.07839591	0	0.62235262	32.45703935	4.111111111				
mRNA Processing	Jmjd6	1.10908452	10.56803063	0.455555556	0.69135749	10.86579962	4.015444015				
mRNA Processing	Scaf4	0.28111771	0.20961634	3.205128205	0.21050088	0.55060451	3.974025974				
mRNA Processing	Dhx16	1.87274477	32.17671061	0	0.19762929	8.63008106	3.956896552				
mRNA Processing	Ddx20	1.09253754	62.52351111	1.171875	0.37411299	87.63278609	3.808080808				
mRNA Processing	Prpf31	2.3163125	69.42037884	0.734693878	0.67564538	2.71809778	3.8				
mRNA Processing	Syf2	2.04939212	2.68174722	1.055555556	1.30726012	11.82686264	3.706666667				
mRNA Processing	Prpf19	1.04177501	1.273874	1.44	0.61519076	7.82588244	3.682336182				
mRNA Processing	Hnrnpf	0.33638329	0.48650326	1.444444444	0.19595194	0.37379994	3.680057389				
mRNA Processing	Srek1	0.8734608	3.9016685	0.770750988	0.73543235	123.4212038	3.656634747				
mRNA Processing	Fip1l1	0.97458852	1.5261367	2.375	0.5784298	42.55192276	3.64516129				
mRNA Processing	Ddx47	2.23006107	19.99883073	0	1.00697272	16.83594779	3.625				
mRNA Processing	Safb2	0.61774343	1.60960336	1.780748663	0.15716047	0.73936638	3.620689655				
mRNA Processing	Apobec1	0.07600477	2.02906695	6.083333333	0.100278212	104.032955	3.57168784				
mRNA Processing	Slbp	1.75958877	114.5930191	4.571428571	0.64305945	68.95364412	3.554765292				
mRNA Processing	Grsf1	1.63965649	241.3904109	0.62006079	0.64639058	60.29412829	3.527027027				
mRNA Processing	Gemin4	0.46299367	4.33974515	2.427631579	0.30903207	41.78751389	3.515625				
mRNA Processing	Rngtt	0.56360622	1.61753655	0.399449036	0.35914313	1.30038653	3.485636115				
mRNA Processing	Snw1	0.98454743	1.26098193	1.56	0.83264659	12.62001633	3.473484848				
mRNA Processing	Rbm14	0.3964883	0.78192569	2.607843137	0.28833917	1.42275488	3.470689655				
mRNA Processing	Prpf4	3.05678006	21.6654151	1.18125	0.77319306	181.5951285	3.452773613				
mRNA Processing	Srrt	1.81281153	3.86399273	5.785714286	0.94908562	79.79740759	3.411138411				
mRNA Processing	Ddx17	1.0363609	1.48113301	1.909090909	1.33763518	327.9522713	3.356971154				
mRNA Processing	Tsen34	0.37099078	1.56411428	1.425	0.13284855	0.23300377	3.206896552				
mRNA Processing	Tia1	0.37574113	2.13434273	1.302631579	0.55270762	120.1005037	3.171428571				
mRNA Processing	Larp7	1.18613943	1.94167491	3.183673469	0.5790438	85.81923924	3.170716113				
mRNA Processing	Tsen54	0.85637063	3.95029277	1.943181818	0.20498175	0.56299789	3.163133641				
mRNA Processing	C1qbp	3.18120685	19.65152177	NA	1.38010642	39.07492253	3.158974359				
mRNA Processing	Papola	1.54549602	5.70633798	0	1.28434186	8.65371112	3.158045977				
mRNA Processing	Casc3	0.30333008	0.13223117	0.764705882	0.37700202	1.96713405	3.083333333				
mRNA Processing	Thoc3	0.88701088	1.00299828	1.7	0.48475324	2.66203736	3.076681332				
mRNA Processing	Ddx46	0.81745444	1.40751548	0.453333333	0.72245134	3.6078898	3.071428571				
mRNA Processing	Fxr1	0.72453762	1.68856016	2.587878788	0.40614235	2.21969394	3.027027027				
mRNA Processing	Ppwd1	0.28809466	4.92213907	1.150510204	0.07057197	0.70855517	3.014308426				
mRNA Processing	Celf4	0.17504979	1.09938013	1.189542484	0.13215778	2.26766156	3				
mRNA Processing	Thoc5	1.57749689	5.74415116	1.666666667	0.91653631	89.77736009	2.986666667				
mRNA Processing	Zc3h14	0.39207834	0.7277306	0.822857143	0.69476281	4.92951925	2.934895833				
mRNA Processing	Ppie	2.19000603	41.69325696	4	0.57463712	2.28352825	2.933823529				
mRNA Processing	U2af1l4	1.93476754	222.0859221	3.126315789	1.66142894	410.5009934	2.905009759				
mRNA Processing	Thrap3	0.50980061	1.72501115	2.041666667	0.21577466	1.87304419	2.857988166				
mRNA Processing	Phrf1	2.86799742	384.9299614	0.472222222	0.83373579	93.73096501	2.85546416				
mRNA Processing	Sfpq	0.47595076	0.91105254	0.899122807	0.62211026	4.52588631	2.814814815				
mRNA Processing	Bud13	0.89599241	123.8597091	0.909090909	0.291014658	126.927196	2.790835181				
mRNA Processing	Srpk1	0.31804217	1.36133807	1.267241379	0.25079399	1.08672872	2.789473684				
mRNA Processing	Ncbp2	0.65314568	2.03621718	2.177777778	0.99838005	169.5069031	2.772727273				
mRNA Processing	Clasrp	0.17375912	0.45427188	1.374269006	0.04415008	0.36294642	2.77037037				
mRNA Processing	Ncbp1	0.5213838	2.0480456	1.313684211	0.63686154	6.64958911	2.74813111				
mRNA Processing	Smu1	2.96292638	120.1051135	11.85714286	1.00588354	12.98455632	2.744318182				
mRNA Processing	Lsm3	1.69007854	34.28551607	22	0.58608679	5.22744434	2.742346939				
mRNA Processing	Khdrbs3	0.00549748	0.03653941	87	0.08241096	0.97721609	2.741626794				
mRNA Processing	Paf1	1.06537325	85.66950632	1.333333333	0.72545146	180.7607089	2.69122807				
mRNA Processing	Rbm42	0.59589665	0.6038523	1.066666667	0.53922498	2.97121872	2.679734219				
mRNA Processing	Ptcd2	0.71503292	3.54775682	0.740740741	0.46729417	100.2849232	2.648484848				
mRNA Processing	Gpatch1	0.20348299	0.91833555	0.770750988	0.13401372	15.64303569	2.621052632				
mRNA Processing	Leo1	1.67528139	7.86847085	1.173076923	0.6889018	118.7037458	2.617777778				
mRNA Processing	Bcas2	2.66843994	17.18195551	NA	1.27537807	26.22698576	2.587044534				
mRNA Processing	Usp39	1.03267562	4.50173986	0.894736842	0.814373678	417.938581	2.586666667				
mRNA Processing	Srsf9	0.79611812	13.24511808	0.472222222	0.94577409	180.3037186	2.585585586				
mRNA Processing	Rnmt	1.11864536	3.25700095	0.882352941	0.40125656	2.42397565	2.567708333				
mRNA Processing	Sympk	0.5951271	0.627718	0.630541872	0.878338909	645.78654	2.485106383				
mRNA Processing	Snrnp40	2.03405229	14.55311776	2.533333333	0.83449068	290.1897564	2.4692904				
mRNA Processing	Ddx41	1.26455639	9.47013465	0.512605042	0.60436975	56.05267265	2.454799107				
mRNA Processing	Prpf38b	0.4892598	1.14087345	0.413333333	0.73716877	11.98690652	2.445632799				
mRNA Processing	Fxr2	2.99668754	3.30745106	0.518796992	1.33501554	169.0361054	2.44				
mRNA Processing	Rsrc1	0.26858405	0.7568434	0.685185185	0.28359593	1.99138807	2.425071225				
mRNA Processing	Hnrnph1	0.45018093	0.50216106	2.228373702	0.59956283	14.8573146	2.424338624				
mRNA Processing	Rbm7	0.14248526	0.14466477	0.985185185	0.68968894	64.87376441	2.420987654				
mRNA Processing	Cdc73	0.45551514	7.52402947	3.566964286	0.32259857	6.22507539	2.400820793				
mRNA Processing	Cdc40	0.2868125	1.93214342	2.619047619	0.20062653	1.43342352	2.392241379				
mRNA Processing	Tra2a	1.61930469	2.52780852	0.509615385	1.23400199	133.4670231	2.369230769				
mRNA Processing	Tsen15	0.40733758	1.87328229	1.915966387	0.33514352	43.94389573	2.368770764				
mRNA Processing	Rbbp6	1.10741965	1.66685329	1.061538462	0.2797505	1.08339839	2.367357788				
mRNA Processing	Dcps	1.21935065	9.89172732	0.937321937	0.36183956	5.15152626	2.344846491				
mRNA Processing	Srsf2	1.9088517	11.72890964	3.9	0.76182868	9.47668614	2.334263393				
mRNA Processing	Ecd	0.99723061	8.61255357	0.879545455	0.89668843	12.33596917	2.330188679				
mRNA Processing	Rbm26	0.10680678	0.2021498	1.421333333	0.13485422	0.6205946	2.301923077				
mRNA Processing	Tcerg1	0.23201317	0.29487456	1.425438596	0.25598211	0.8031161	2.293882979				
mRNA Processing	Cstf3	0.60833717	1.57490162	1.957894737	0.6128334	71.69832564	2.26754386				
mRNA Processing	Sf3b5	2.65180533	12.6008781	NA	1.39112277	16.5175349	2.25				
mRNA Processing	Srsf7	0.76680976	1.17114163	10.23809524	0.22316285	0.62288167	2.25				
mRNA Processing	Luc7l3	0.08534186	0.0902483	2.2	0.11229497	0.73042764	2.234113712				
mRNA Processing	Rest	1.85981204	1.08036923	3	0.3199352	2.66915977	2.23180593				
mRNA Processing	Rbfox2	0.25595725	1.96840204	1.081632653	0.41404266	17.05338235	2.231746032				
mRNA Processing	Khdrbs1	0.2294276	0.26303751	1.642857143	0.33907222	41.66052341	2.192592593				
mRNA Processing	Eif4a3	1.44406698	10.96973804	1.604166667	0.95002707	30.96513526	2.182432432				
mRNA Processing	Rbm38	1.11894327	52.49542445	1.386160714	0.170706	2.59213428	2.173333333				
mRNA Processing	Adar	0.16078375	0.38311804	1.126086957	0.38986093	2.61382679	2.166666667				
mRNA Processing	Srrm1	1.18112451	1.88938618	0	0.44072073	1.8576347	2.166666667				
mRNA Processing	Isy1	1.12442538	197.1301101	1.719298246	0.67776771	8.6516984	2.12244898				
mRNA Processing	Crnkl1	0.2665023	0.40424956	0.64	0.58344007	80.93238854	2.111111111				
mRNA Processing	Cwf19l2	1.03904381	3.40873218	0.103448276	0.60599025	27.79808751	2.099487179				
mRNA Processing	Srsf6	1.44993723	116.3037076	3.08	1.53330944	355.2424167	2.096774194				
mRNA Processing	Cpsf6	0.58510031	1.6917205	0.325791855	0.49660107	5.84230421	2.085106383				
mRNA Processing	Syncrip	0.81396233	2.15536414	1.997159091	0.6244327	7.97338249	2.083333333				
mRNA Processing	Xab2	1.71782835	536.9367612	0	0.41748184	0.98158705	2.069498069				
mRNA Processing	Mfap1b	0.2863327	1.17321256	1.3	0.08405945	0.31701895	2.0625				
mRNA Processing	Iws1	1.34260586	47.07269581	0.336384439	0.54666281	16.80299152	2.058601134				
mRNA Processing	Dbr1	0.43755904	0.31121945	1.079365079	0.18014165	0.93474891	2.020634921				
mRNA Processing	Prkrip1	0.21751927	0.45703085	0.947368421	0.3038085	1.80412507	2.019259259				
mRNA Processing	Scaf8	0.11053041	0.1824852	1.670454545	0.31183324	10.18677647	2.002758621				
mRNA Processing	Frg1	0.72889026	1.47436277	0.638020833	0.27459783	0.672908	1.994418605				
mRNA Processing	Ppp1r8	1.28393534	6.07798606	0.798913043	0.76891778	168.6603415	1.978095238				
mRNA Processing	Thoc1	0.80153216	2.26445682	1.777777778	1.00694047	16.56531065	1.970315399				
mRNA Processing	Prpf38a	0.72559455	2.9691767	0.924731183	0.55074096	76.15033023	1.932811781				
mRNA Processing	Scaf1	0.79969958	122.801125	0.936	0.31115361	3.19157153	1.929078014				
mRNA Processing	Cwc25	0.4637928	1.12665531	1.219461698	0.48602915	28.2974277	1.916531165				
mRNA Processing	Kin	0.51386242	2.27150407	1.464530892	0.4522024	2.37478614	1.904939422				
mRNA Processing	Prpf6	0.23511865	0.4282081	1.326923077	0.19359608	0.70378889	1.87296748				
mRNA Processing	Snrnp25	1.23672067	20.81084836	3.484848485	0.39345999	7.53383034	1.85				
mRNA Processing	Prmt5	2.40492468	8.20371247	14.66666667	0.84509448	160.6150528	1.848214286				
mRNA Processing	Pdcd11	0.98980992	1.67395819	1.710743802	0.41078618	1.41398316	1.84				
mRNA Processing	BC005624	0.5605142	2.03425335	2.864583333	0.30776041	0.93315236	1.814058957				
mRNA Processing	Cpsf3	1.78441141	275.5796145	1.435714286	1.1972155	220.9035414	1.810865191				
mRNA Processing	Lsm11	0.31883027	9.01873586	3.429824561	0.30477631	51.74707382	1.805662806				
mRNA Processing	Sltm	0.76892034	1.01203702	0.920634921	0.54962339	2.63814467	1.80353902				
mRNA Processing	Bud31	1.50436097	258.2017997	0.402777778	1.32860335	127.7161942	1.774193548				
mRNA Processing	Scnm1	1.18275756	5.2270493	0.869179601	0.27947028	0.87578009	1.774193548				
mRNA Processing	Cpsf2	0.78176684	1.04455209	0.327380952	0.67818465	2.30189444	1.772345679				
mRNA Processing	Zfp830	0.23499056	0.43804115	0.679012346	0.1048136	0.46415739	1.764705882				
mRNA Processing	Scaf11	1.43553747	2.44074419	1.775	0.49803655	3.59268746	1.725490196				
mRNA Processing	Srsf3	2.28739859	334.7500408	3.095238095	1.2160692	79.81166529	1.708291708				
mRNA Processing	Rbm6	0.68901352	12.21978261	1.08	0.48575674	26.50305579	1.705167173				
mRNA Processing	Hnrnpc	0.24018381	1.61203391	2.555555556	0.23006359	6.43491117	1.700367647				
mRNA Processing	Gemin7	1.28951357	100.9609957	0.641447368	1.05651617	7.02061803	1.663768116				
mRNA Processing	Tbrg4	1.75981551	3.61900487	1.783625731	1.31008203	313.1924856	1.647950089				
mRNA Processing	Zranb2	0.59421229	1.71886103	2.176470588	0.72500446	18.66332234	1.647083333				
mRNA Processing	Snrpe	1.56962946	2.59328916	0	1.37420331	18.69381865	1.643478261				
mRNA Processing	Zfp64	1.23977396	164.5049856	1.299450549	0.20231033	0.38818125	1.623913043				
mRNA Processing	Mbnl2	0.37381597	4.76210976	2.652631579	1.40287064	4.74404465	1.605042017				
mRNA Processing	Prpf18	0.7295678	2.55321391	1.846153846	0.50650078	1.02560044	1.598837209				
mRNA Processing	Sart1	0.72699846	1.69268513	0.880952381	0.392654111	104.167066	1.596638655				
mRNA Processing	Tut1	2.00020037	15.59308716	0.9	0.63051888	10.26574882	1.595744681				
mRNA Processing	Prpf4b	0.158258	0.19525613	1.633333333	0.13298607	0.54117816	1.5875				
mRNA Processing	Cd2bp2	1.19531727	2.41451549	0.87012987	0.56221504	2.62455672	1.578431373				
mRNA Processing	Dhx15	0.81574427	3.33066056	1.4	0.62326902	2.43756424	1.578014184				
mRNA Processing	Srrm2	0.27159644	0.41611189	1.1208577	0.20569314	1.15475753	1.546511628				
mRNA Processing	Smn1	1.11669859	1.72548253	3.777777778	0.78119963	91.99777279	1.529200359				
mRNA Processing	Ssu72	1.13829425	1.42910563	2.314285714	1.5892585	208.1702721	1.516666667				
mRNA Processing	Ctr9	0.69507742	78.55571755	1.594202899	0.39244218	2.56852345	1.514705882				
mRNA Processing	Srsf1	0.41369048	0.6236985	1.19047619	0.19062264	0.67465062	1.506538797				
mRNA Processing	Zfp326	0.15375261	0.25616302	2.443438914	0.21461001	1.2930574	1.479915433				
mRNA Processing	Wdr33	0.32447368	0.39921589	0.670289855	0.25055861	0.5066237	1.448412698				
mRNA Processing	Sart3	0.87102024	2.02926094	4.072727273	0.37140997	6.03713458	1.447245565				
mRNA Processing	Snrnp48	0.75817561	4.77323199	2.339181287	0.20658963	1.70317845	1.43				
mRNA Processing	Dhx9	0.31665041	0.51914758	0.992727273	0.14031759	0.6474518	1.429587482				
mRNA Processing	Slu7	0.76410418	1.77536453	0.298666667	0.54047505	1.21716718	1.422924901				
mRNA Processing	Cdk13	0.15725353	0.19932658	1.705882353	0.57736056	7.050498	1.411764706				
mRNA Processing	Luc7l	1.13290611	34.44268753	1.619047619	0.35549838	0.89721255	1.405667702				
mRNA Processing	Magoh	0.68666792	0.71211435	0.964285714	0.46463475	1.34375844	1.400921659				
mRNA Processing	Ppil3	0.13523804	0.21966604	1.2	0.50716999	10.63413052	1.357142857				
mRNA Processing	Sf1	1.44555327	5.72670513	0.639705882	0.81082257	125.3309745	1.352700491				
mRNA Processing	Sf3a1	0.96621227	318.69483	0.886287625	0.49214844	13.43805008	1.341463415				
mRNA Processing	Wbp4	0.5925567	1.78207907	0.615384615	0.7721082	6.3534238	1.340425532				
mRNA Processing	Ahcyl1	0.09527047	2.16957567	6.56	0.20750063	5.44957773	1.330578512				
mRNA Processing	Srek1ip1	0.11661962	0.22000394	0.972222222	0.41544222	7.10882306	1.31037037				
mRNA Processing	Aqr	0.63188133	0.80990642	0.751953125	0.47598837	1.41524171	1.263219741				
mRNA Processing	Rbm39	1.50317733	3.47794929	4.2	1.04649133	182.792303	1.256				
mRNA Processing	Thoc7	0.88013523	5.02942587	0.582633053	1.22935414	31.29895329	1.232536765				
mRNA Processing	Rbm28	1.11479789	32.06884882	0.439359268	0.6141237	87.24588582	1.11042735				
mRNA Processing	Clp1	0.2790601	0.36139757	1.172413793	0.23241925	65.47946729	1.096551724				
mRNA Processing	Zmat2	0.07055038	0.23353883	0	0.02837068	0.12379824	1.045454545				
mRNA Processing	Rnf20	0.27421873	1.03634971	0.696774194	0.3116759	2.49966321	1.03880597				
mRNA Processing	Dhx8	0.88878672	1.57996239	0.238888889	0.49048342	2.14107805	1.031972789				
mRNA Processing	Qk	1.84270037	22.04251333	0.760932945	0.65908026	90.11579795	0.849315068				
mRNA Processing	Magohb	0.0182015	0.06588565	1.909090909	0.41434841	1.00971806	0.782004831				
mRNA Processing	Clns1a	1.078786	1.63700295	5.357142857	1.29244629	63.43994684	0.701449275				
mRNA Processing	Snrpb	2.38021057	5.17870926	NA	2.22690206	267.6375883	0				
mRNA Processing	Txnl4a	3.56667043	137.6399002	NA	1.43205285	3.56709675	0				
mRNA Processing	Ubl5	0.05146503	0.32795762	0	0.041309956	0.283848912	0				
Myeloblast	Trps1	0.53726598	115.9957528	5.769230769	0.47774323	9.09977206	5.771929825				
Myeloblast	Atf2	0.33941708	37.60687105	2.1	0.35880203	114.2788274	4.356725146				
Myeloblast	Gata2	0.04102765	1.665676	13.33333333	0.18354939	4.29925325	3.612903226				
Myeloblast	Kdm4a	0.28175242	0.21693707	1.752631579	0.56970406	125.4640295	3.226391495				
Myeloblast	Ets2	0.10493553	0.30596178	1.754385965	0.11301208	0.24670903	2.875132275				
Myeloblast	Zfp664	0.94687186	103.5385355	0.974358974	0.552066	84.19370992	2.440677966				
Myeloblast	Etv6	0.71302925	4.08088257	5.733333333	0.58629393	122.369047	2.244897959				
Myeloblast	Gtf3c2	0.87521391	2.07362786	1.009615385	0.42468121	124.2085805	2.210884354				
NOTCH	Perp	0.11233246	2.16619185	57.85714286	0.0249258	0.90688693	NA				
NOTCH	Eya1	0.19642984	0.67454612	15.55555556	0.02282152	0.97085621	109				
NOTCH	Pgam2	0.03692816	1.37346575	31.875	0.00977464	0.21001748	35				
NOTCH	Fgf10	0.01902778	1.1502782	89	0.03348302	0.90650724	21.08695652				
NOTCH	Dtx4	0.02072999	0.44822547	NA	0.145910244	144.655585	19.64935065				
NOTCH	Chac1	0.01220077	0.09873912	34.16666667	0.11240418	1.25232536	19.22461538				
NOTCH	Hey1	0.06388979	33.17492591	22	0.00593422	0.10296197	15.28571429				
NOTCH	Jag1	0.07042851	0.02381305	4.67816092	0.90232933	105.3950588	13.62403101				
NOTCH	Egfl7	0.74119878	3.02043836	2.215909091	0.25588588	90.91180266	10.21180556				
NOTCH	App	0.23894425	20.19127401	2.699074074	1.36027404	31.7036949	10.1				
NOTCH	Llgl2	0.69335573	1.69091574	0.37254902	0.18484309	67.19358048	9.277777778				
NOTCH	Numb	0.45764891	99.07497764	2.541666667	0.31489618	108.178746	7.19047619				
NOTCH	Dlk1	0.00719026	0.1267531	NA	0.11984865	2.26431441	7.188905547				
NOTCH	Mib2	0.58594431	9.47994465	2.293333333	0.31975417	16.44555511	6.680555556				
NOTCH	Epn1	0.74892963	5.48314308	4.523809524	0.39267159	2.74063607	6.22515213				
NOTCH	Krt19	0.11393238	0.85955667	20.7	0.20251802	8.26911579	5.460060667				
NOTCH	Kctd10	0.05833093	0.10274541	1.485714286	0.9426841	4.38659556	5.121212121				
NOTCH	Psen2	0.08197408	0.10859831	5.904761905	0.42454513	32.57280399	4.936079545				
NOTCH	Tspan14	0.18253854	0.51039349	1.78125	0.05487882	0.39128847	4.541176471				
NOTCH	Tgfb1	0.00294974	0.08496627	NA	0.52959837	123.7124993	3.78				
NOTCH	Rcan2	0.05695949	0.98908921	NA	0.61250671	3.43017723	3.726780186				
NOTCH	Gata2	0.04102765	1.665676	13.33333333	0.18354939	4.29925325	3.612903226				
NOTCH	Notch1	0.15121402	5.15632561	7.8125	0.116068476	50.4290763	3.562929062				
NOTCH	Wdr12	1.52367455	42.76781211	0.617647059	0.77379861	4.86491751	3.224806202				
NOTCH	Neurl1a	0.06924686	0.28555094	9.25	0.11243806	2.47402533	3.214285714				
NOTCH	Got1	2.00906936	4.0171788	NA	0.95465328	59.87336092	3.090744102				
NOTCH	Zmiz1	0.73243886	16.54765505	1.542857143	1.23126261	35.02945279	3.058608059				
NOTCH	Sel1l	1.09196793	4.42716447	1.466666667	0.87487617	135.7355556	2.889434889				
NOTCH	Stat3	1.23369945	7.12738802	1.365740741	1.30440477	8.26961291	2.757575758				
NOTCH	Arrb1	0.17107018	7.66719745	5.85	0.17779921	6.87913711	2.725714286				
NOTCH	Epn2	1.11032135	77.93274356	1.53	0.18028297	1.00941546	2.613333333				
NOTCH	Dicer1	0.42616902	0.70496917	0.779286927	0.3371159	2.27335783	2.521419829				
NOTCH	Synj2bp	0.3682921	1.22135901	0.748275862	0.74051042	157.4311464	2.436090226				
NOTCH	Ptp4a3	0.31712225	3.33162435	10.82352941	0.61315712	11.29439092	2.403846154				
NOTCH	Traf7	0.2068115	0.27924358	1.695652174	0.69160685	140.918983	2.357550597				
NOTCH	Ift172	0.34986164	5.18175106	6.666666667	0.03992566	0.23834637	2.342857143				
NOTCH	Itgb1bp1	0.66134199	57.98096166	1.989304813	0.57245257	0.90935443	2.195348837				
NOTCH	Fbxw7	0.43147991	5.85314998	1.284444444	0.25884647	16.36354012	2.094009217				
NOTCH	Slc35c2	0.35977575	92.96309742	1.444444444	0.37352616	16.65683237	2.030020704				
NOTCH	Ncstn	0.82393837	5.5716464	1.095238095	1.47926765	40.70665103	1.760416667				
NOTCH	Slc35c1	0.07274706	2.39564498	10.73333333	0.35923626	1.37332843	1.689903846				
NOTCH	Rbpj	4.43344825	105.8775824	1.755555556	1.1414749	25.90794099	1.66955267				
NOTCH	Yap1	1.14779781	2.32190809	0.66873065	1.04709993	17.31213639	1.571428571				
NOTCH	Llgl1	0.27523481	0.43398689	0.636054422	0.63506139	296.0322769	1.563136907				
NOTCH	Spen	0.26089959	0.40845402	0.927875244	0.1489507	1.53079615	1.530612245				
NOTCH	Hif1an	0.45778934	0.69722235	3.23715415	0.41354177	103.5592946	1.523809524				
NOTCH	Pdcd10	0.18874855	0.34672409	3.468531469	0.06237834	0.25949405	1.520775623				
NOTCH	Il6st	0.46579525	3.86475463	0.779220779	0.7572764	2.31244195	1.490322581				
NOTCH	Pofut1	0.11399764	0.44634596	2.403361345	0.53429432	15.2425259	1.480519481				
NOTCH	Src	0.20627417	0.59790621	3.515306122	0.17138324	0.47736318	1.256888889				
NOTCH	Rian	1.76799504	155.7457579	NA	0.10848507	1.62229279	0.303167421				
Ribosomal	Rps11	2.73782096	2.81850079	NA	2.59645002	58.27573261	NA				
Ribosomal	Rps2	4.3323006	81.35534917	NA	2.3680348	395.8715729	NA				
Ribosomal	Rps27l	3.31041591	48.93902481	0	4.23391506	354.9243386	NA				
Ribosomal	Rpl6	0.0385015	0.56768291	5.1875	0.02315675	1.35497884	34.83333333				
Ribosomal	Rpl8	2.31845643	2.14122627	NA	1.58186629	5.21917226	23.44444444				
Ribosomal	Npm1	3.09282945	4.36941445	NA	0.94417033	2.83740194	19.71428571				
Ribosomal	Mrpl17	2.09436297	3.21706257	0	1.3239247	387.817342	11.6				
Ribosomal	Mrpl20	1.0735079	2.52042603	2.763636364	1.75184773	294.7276437	10.45				
Ribosomal	Rps24	2.99760901	9.17543248	NA	1.64540628	104.3219815	9.761904762				
Ribosomal	Apod	0.38332557	2.9177987	4.333333333	0.19460816	2.08572382	9.210526316				
Ribosomal	Rps8	2.01105818	7.06287551	2.533333333	1.29114378	13.2758911	7.515789474				
Ribosomal	Rpl7l1	1.62985474	3.90383258	0	1.17508042	17.42756065	7.086956522				
Ribosomal	Zcchc17	0.38377225	1.38730446	1.307368421	0.58664508	2.28578311	5.753846154				
Ribosomal	Aurkaip1	1.73716276	2.49436294	0.734693878	1.70649601	406.7463497	5.625				
Ribosomal	Mrpl52	0.40901047	0.45601382	0.856770833	1.17980422	5.13156154	5.606837607				
Ribosomal	Rps6	0.50256913	0.77333175	0.933333333	0.43092299	1.30756603	5.547008547				
Ribosomal	Abcf1	3.08369502	23.85975881	0	1.03024353	63.33595353	5.456989247				
Ribosomal	Larp4b	0.72565307	1.57422191	4.855172414	0.70011151	77.5288709	5.296296296				
Ribosomal	Mrps26	0.31481571	1.851709	1.651282051	0.21180384	0.51317156	4.867132867				
Ribosomal	Mrpl28	1.05019464	1.07463224	3.32	1.11073107	3.36691815	4.73				
Ribosomal	Rpl17	0.74845682	131.4761163	0.869565217	0.69140445	88.85627772	4.577777778				
Ribosomal	Jrk	0.097706786	57.6574202	12.8	0.142229388	145.949145	4.19047619				
Ribosomal	Dap3	0.73562075	1.01481609	2.254545455	0.63948472	2.21404816	3.868421053				
Ribosomal	Mrpl48	1.60500027	4.15605527	1.884615385	0.88216934	415.6075633	3.782608696				
Ribosomal	Rpl21	0.23852508	1.00899894	0.720823799	0.10653402	0.38311076	3.45625				
Ribosomal	Mrps18b	1.08947003	0.8846973	1.904761905	0.74205596	28.04564757	3.259259259				
Ribosomal	Mrpl54	0.57813028	0.60253981	2.027149321	1.22399004	11.31503903	3.175438596				
Ribosomal	Mrps14	0.12949012	0.3476019	4.444444444	0.21532593	0.6850863	2.942857143				
Ribosomal	Btf3	0.26957474	0.36528653	1.674641148	0.15282564	0.31165715	2.89021164				
Ribosomal	Hspa14	1.79079161	2.15793924	0	0.75598089	13.219482	2.85				
Ribosomal	Gadd45gip1	2.36240592	154.8756413	0	1.37714153	203.1113628	2.772727273				
Ribosomal	Mrps22	0.99035708	2.40864798	3.384615385	0.75396612	3.69860223	2.756097561				
Ribosomal	Ptcd3	1.59324698	29.25072713	2.083333333	0.83522653	130.0147433	2.742993441				
Ribosomal	Mrps25	0.70991097	4.41055822	0.980769231	0.5754326	1.60536613	2.578222778				
Ribosomal	Mrpl24	0.2222544	0.23902969	1.583333333	0.22593805	1.7779656	2.577498033				
Ribosomal	Chchd1	1.73467675	3.38204865	6.833333333	1.47030762	108.9067097	2.476190476				
Ribosomal	Rpl15	0.43008421	0.78491909	1.666666667	0.48572653	4.00958801	2.454545455				
Ribosomal	Mrps2	0.34638328	0.78485489	0.491551459	0.552371374	371.77686	2.413984462				
Ribosomal	Mrps16	1.29015606	2.37373676	0	1.46460669	15.95518578	2.406417112				
Ribosomal	Mrps30	1.89815987	364.0641498	1.7	1.14068396	9.58160276	2.387096774				
Ribosomal	Mrpl45	1.37734525	1.94167377	14.66666667	0.97334099	10.55877024	2.377708978				
Ribosomal	Mrpl50	0.90838318	1.50791821	0.843243243	0.58273623	3.52011271	2.375				
Ribosomal	Eif2d	1.28144	1.41756674	0.472222222	0.37876407	0.72192729	2.222222222				
Ribosomal	Rpl5	0.14141593	0.33881077	1.203703704	0.09535825	0.86378739	2.156862745				
Ribosomal	Mrps18c	1.96786169	330.6629271	1.569230769	1.49815024	5.74431607	2.15				
Ribosomal	Mrps9	1.94511292	5.48052537	3	0.52671981	3.03952302	2.125138427				
Ribosomal	Mrpl18	1.13817991	6.59960807	4.727272727	0.59526448	18.40627983	2.118857143				
Ribosomal	Mrps15	1.06696525	4.92343857	2.321428571	1.52980952	97.14640635	2.094054054				
Ribosomal	Eif2a	0.25016937	0.19498493	0.843920145	0.25306949	0.69363556	2.090909091				
Ribosomal	Mtg1	0.50478301	0.87639923	2.526315789	0.34090441	1.78137916	2.082352941				
Ribosomal	Mrps10	1.03568153	1.8340673	1.085714286	0.81899554	3.70152956	2.057291667				
Ribosomal	Mrpl9	1.16902243	76.4196733	1.791666667	0.95109815	91.96260488	2.049180328				
Ribosomal	Mrpl39	1.32661741	1.27416501	3.08	0.90700618	148.0866694	2.038539554				
Ribosomal	Rps13	0.67050597	1.08565943	2.222222222	0.58729127	3.31764539	2				
Ribosomal	Mrpl3	1.38223189	3.38075008	0.362637363	1.17864657	4.83860342	1.947890819				
Ribosomal	Mrps35	0.48571304	0.83958845	0.304900181	0.57907335	3.58615989	1.931865828				
Ribosomal	Mrpl37	1.32122893	17.33019919	0.445714286	0.88453386	3.38252544	1.888888889				
Ribosomal	Mrps18a	0.81528226	1.88722339	0.885375494	1.28233198	191.4271657	1.861689106				
Ribosomal	Rplp0	0.20692147	0.45055822	1.547619048	0.277321	0.84394633	1.789534884				
Ribosomal	Nsun4	0.70799881	73.50338903	3.415384615	0.52019439	2.7939014	1.768292683				
Ribosomal	Mrpl40	0.90322582	3.01028968	2.151515152	0.81543711	24.4902696	1.744186047				
Ribosomal	Mrpl4	0.33370354	0.2304092	0.8	0.95195809	4.27205183	1.737327189				
Ribosomal	Mrps27	0.66246391	1.09643655	0.482142857	1.09027097	27.22421561	1.728947368				
Ribosomal	Mrpl19	0.93318205	1.75565397	1.181818182	0.50872629	1.50484183	1.727142857				
Ribosomal	Mrpl47	0.93092584	1.00909358	3.171428571	0.5862002	1.89832042	1.685067873				
Ribosomal	Mrpl46	3.0152449	270.8540851	5.916666667	0.638253	2.12373106	1.67277628				
Ribosomal	Mrpl38	0.80146542	1.39485348	1.315217391	0.29863269	0.98615423	1.66796875				
Ribosomal	Mrpl41	0.48598965	1.49751152	0.908424908	0.73325128	2.84960862	1.656804734				
Ribosomal	Mrps33	0.69649737	1.53889857	7.263157895	1.25310766	270.4913852	1.561764706				
Ribosomal	Mrpl43	1.0064365	55.90686059	1.857142857	0.58221093	3.68265936	1.556818182				
Ribosomal	Mrps28	1.07420446	2.44814413	2.412698413	1.48421035	16.52591919	1.539130435				
Ribosomal	Mrps23	1.83614845	40.56102071	1.145238095	0.78408009	2.14716971	1.538461538				
Ribosomal	Rpl27a	3.56175783	809.6764419	0	1.72806723	3.60363823	1.5				
Ribosomal	Rpl10a	0.41989682	0.27469375	3.897435897	0.05522021	0.09868005	1.482105263				
Ribosomal	Rpl23	0.45514372	1.92863202	0.647058824	0.963104394	327.481142	1.4329806				
Ribosomal	Dhx9	0.31665041	0.51914758	0.992727273	0.14031759	0.6474518	1.429587482				
Ribosomal	Mrps11	1.13706791	363.7127292	1.005347594	1.10126206	31.88721595	1.404802744				
Ribosomal	Mrpl42	2.0071744	5.12554631	NA	1.96222034	15.80677914	1.375				
Ribosomal	Mrps24	2.42930429	64.7390689	0	1.9134484	152.5941389	1.325714286				
Ribosomal	Mrpl36	2.63278006	361.3240336	1.728395062	1.11753324	2.00176755	1.272349272				
Ribosomal	Mrps12	4.26366023	9.03359645	3	1.83472217	290.1886885	1.245778612				
Ribosomal	Mrpl14	1.38486731	6.14598642	3.142011834	1.05866957	3.37431398	1.227906977				
Ribosomal	Mrpl32	0.95803103	85.07316904	2.429752066	0.84446981	79.10725616	1.223944875				
Ribosomal	Rpl34	1.09969222	85.90614282	2.9	0.91839979	17.66729221	1.217391304				
Ribosomal	Larp4	0.19360715	0.18654986	0.482857143	0.31785961	1.15572811	1.210526316				
Ribosomal	Rpl41	1.94120763	4.20030949	7.586206897	2.27468257	48.99054764	1.172839506				
Ribosomal	Mrps31	0.65309674	0.99943623	1.184946237	0.2025487	0.6005096	1.112244898				
Ribosomal	Mrpl11	0.62701776	1.64869333	1.153846154	0.84419127	3.50708807	1.111292962				
Ribosomal	Mrpl44	0.47110734	0.64956252	1.017391304	0.55583265	45.06938526	1.082962963				
Ribosomal	Rpl35	1.05130287	2.27631786	18.22222222	1.43154494	190.1961728	0.978609626				
Ribosomal	Rpl13	0.04314115	0.29326744	3.317460317	0.024637223	0.866068835	0.882352941				
Ribosomal	Mrpl15	1.645545	4.22462564	7.166666667	0.96532931	3.78347777	0.83625731				
Ribosomal	Mrpl51	1.34483026	74.53283928	1.696153846	0.88977544	178.2831804	0.8203125				
Ribosomal	Mrpl10	1.54196854	286.4471313	1.5	1.78594052	526.4141987	0.765899123				
Ribosomal	Mrpl13	1.24241519	1.23165317	43.5	1.60851462	98.62999016	0.698529412				
Ribosomal	Mrpl35	0.41067595	2.17769635	1.855072464	0.2215945	0.72345421	0.668449198				
Ribosomal	Canx	5.2302576	483.290878	NA	2.13886745	116.7406432	0				
Ribosomal	Eif3h	1.85790397	245.3932893	0	1.64052302	549.646717	0				
Ribosomal	Mrpl33	2.95610967	351.4491666	4.05	2.18048369	21.66813913	0				
Ribosomal	Rpl22	4.67495963	555.8876322	NA	2.25677879	15.47977496	0				
Ribosomal	Rpl4	6.75301646	315.3434227	NA	2.25386466	213.9215698	0				
Ribosomal	Rps15a	0.32998978	0.41311798	0	0.15599563	0.55140127	0				
Ribosomal	Rps20	6.46910402	449.0732291	NA	2.35244699	138.5898478	0				
Ribosomal	Rps21	3.27120351	52.99135505	0	2.63208199	176.0548917	0				
Ribosomal	Rps3	7.87611124	28.12202538	NA	1.72018246	47.35574573	0				
Ribosomal	Rps5	3.10085872	3.16528065	NA	2.71865624	86.54428121	0				
Ribosomal	Rps7	0.04796422	0.1852744	0	0.019090781	0.171802425	0				
SMAD	Vim	0.91821913	159.502816	1.628289474	2.19975019	30.17646318	NA				
SMAD	Btbd11	0.00398948	0.15754944	0	0.02170218	1.3852614	26.75				
SMAD	Lrp1	0.29499486	11.05385813	2.226190476	1.19812852	96.43360965	8.325791855				
SMAD	Trf	0.07533503	0.96637233	23.14285714	0.06247794	14.34833072	8.04				
SMAD	Jun	0.01165215	0.11339837	4.090909091	0.38118896	9.17703171	4.342987805				
SMAD	Tgfb1	0.00294974	0.08496627	NA	0.52959837	123.7124993	3.78				
SMAD	Hexa	0.70796176	217.9737836	0.952380952	1.19534333	131.3476547	3.574468085				
SMAD	Rbm14	0.3964883	0.78192569	2.607843137	0.28833917	1.42275488	3.470689655				
SMAD	Smad6	0.04290451	1.38778551	43	0.347683334	144.296245	3.303643725				
SMAD	Rbpms	1.33339312	15.8574719	3.6	0.49915381	65.16560022	3.240215924				
SMAD	Zmiz1	0.73243886	16.54765505	1.542857143	1.23126261	35.02945279	3.058608059				
SMAD	Sh2b1	0.10062662	0.11763183	1.076923077	0.44593972	40.69577739	3.016260163				
SMAD	Ror2	0.51465546	0.99444556	1.454545455	0.53776003	3.86852053	2.473404255				
SMAD	Ski	0.44924117	1.45698177	1.638020833	0.52366479	2.13330078	2.358572201				
SMAD	Smad3	0.25346631	2.62136865	8.933333333	0.65369887	125.7043557	2.327272727				
SMAD	Smad2	0.18838597	0.71545959	2.209821429	0.47347014	4.0483806	2.046818727				
SMAD	Smad4	0.19285322	1.13365594	1.647058824	0.24575754	11.92392607	1.991111111				
SMAD	Parp1	2.96433762	3.63688277	NA	0.91066512	62.58066374	1.686956522				
SMAD	Nceh1	0.16441137	1.32193001	5.535714286	0.68666918	6.97869664	1.466666667				
SMAD	Bmpr1a	0.27571262	0.3372433	4.201923077	0.58051414	4.55667053	1.369811321				
SMAD	Fam89b	0.11465127	0.92336447	2	0.955927391	534.2824	1.134146341				
SMAD	Slc33a1	0.03761756	0.46754805	4.2	0.29603214	1.02132784	1.115348837				
SMAD	Wwtr1	0.2342655	0.67537174	2.210526316	0.511142541	155.52618	0.62962963				
SMAD	Meg3	0.83857652	84.87624793	NA	0.10149861	2.09359832	0.549063195				
SMAD	Sub1	4.57790198	10.48281904	NA	1.73164669	6.93773395	0				
Stromal	Nfib	0.41939339	2.72156888	2.470175439	0.184398983	244.987566	46.87878788				
Stromal	Atf4	1.13983918	6.41161426	5.793650794	0.87930632	59.49442053	5.123058542				
Stromal	Jun	0.01165215	0.11339837	4.090909091	0.38118896	9.17703171	4.342987805				
Stromal	Tcf4	0.56915576	1.13230497	1.256038647	1.03496835	97.9882883	3.25255102				
Stromal	Tead2	0.71494471	26.25809526	2.643356643	0.4992636	130.950383	3.010457516				
Stromal	Pck2	0.29607335	1.55401842	1.825396825	0.38895774	1.91352484	2.912087912				
Stromal	Srf	0.18626907	0.76913595	24.32	0.54112175	19.04796329	2.664109122				
Stromal	Pbx1	0.04507055	1.43213243	43	0.69928854	29.97607891	2.425438596				
Stromal	Myc	0.18311023	2.31139937	1.781818182	0.36036925	4.6021491	2.296296296				
Stromal	Klf3	1.73866452	272.3594489	1.518518519	0.78055004	147.3497348	1.923076923				
Stromal	Nfe2l2	1.59133548	211.8839902	1.604166667	1.11550931	271.3651014	1.708013937				
TGFb	Prdm16	0.04091279	5.39722586	267	0.00853071	0.43946171	110				
TGFb	Rasl11b	0.13300142	0.39545241	8.75	0.02583271	16.3895266	107				
TGFb	Spry1	0.25914082	0.83652101	20	0.103095814	86.9389083	37.33333333				
TGFb	Il17rd	0.40228464	2.7718827	2.593984962	0.02251528	0.97123341	24.11111111				
TGFb	Hspa5	3.05451312	520.762666	NA	1.23437049	14.36867932	11.66666667				
TGFb	Sdcbp	0.6264967	4.57345942	0.96969697	1.23627337	7.919867	11.66666667				
TGFb	Bcl9l	0.030986385	16.3421779	89	0.29394913	1.20556513	8.722222222				
TGFb	Lrp1	0.29499486	11.05385813	2.226190476	1.19812852	96.43360965	8.325791855				
TGFb	Dnm2	0.64925394	0.83098807	0.32	1.39499215	109.8788794	7.952662722				
TGFb	Cited2	0.89911191	96.04719916	2.123529412	0.70475526	29.50888175	7.898071625				
TGFb	Zfyve9	0.03307312	0.25835267	2.454545455	0.0506547	0.23574276	5.666666667				
TGFb	Gipc1	0.74560178	217.7649762	1.809230769	0.86700153	3.68268651	5.438016529				
TGFb	Peg10	0.38885481	57.48220222	2.697916667	0.32800872	115.9242032	5.077037037				
TGFb	Zfp451	0.28639538	2.61249788	1.682352941	0.16362975	9.6303686	4.903846154				
TGFb	Fermt2	0.07435856	0.16794255	0.49	0.74355576	14.63955881	4.803333333				
TGFb	Creb1	0.08194986	0.25173378	2.386363636	0.2844392	6.71857188	4.802556818				
TGFb	Npnt	0.03453339	12.00575413	132	0.08949406	2.2644592	4.733333333				
TGFb	Jun	0.01165215	0.11339837	4.090909091	0.38118896	9.17703171	4.342987805				
TGFb	Crebbp	0.47320715	2.20865486	0.714285714	0.41295589	145.3087679	4.285714286				
TGFb	Fut8	0.5010259	72.30029472	4.807407407	0.39843578	77.99756115	4.274131274				
TGFb	Ing2	0.13018722	0.16895137	1.466165414	0.24042148	74.84818855	4.103896104				
TGFb	Mtmr4	0.06780431	0.16363823	4.071428571	0.08013034	0.26734028	3.92				
TGFb	Tgfb1	0.00294974	0.08496627	NA	0.52959837	123.7124993	3.78				
TGFb	Snx1	0.13383932	0.13570609	1.527093596	0.50339594	2.37203974	3.534883721				
TGFb	Snw1	0.98454743	1.26098193	1.56	0.83264659	12.62001633	3.473484848				
TGFb	Itga3	0.04196924	0.1768687	1.007407407	0.22797342	4.59398614	3.4				
TGFb	Eng	0.2198374	0.32385915	0.833333333	0.08117166	0.94293732	3.342359768				
TGFb	Lats2	0.104827877	56.5570794	6.083333333	1.05783514	18.31309028	3.327543424				
TGFb	Smad6	0.04290451	1.38778551	43	0.347683334	144.296245	3.303643725				
TGFb	Cdkn2b	0.151831462	652.829718	3.31875	0.6135019	30.09938153	3.241025641				
TGFb	Snx6	0.8505901	1.68054	NA	1.07102863	3.17842238	3.2228739				
TGFb	Gcnt2	0.7887525	37.69899995	2.329411765	0.45146388	46.37899367	3.09929078				
TGFb	Got1	2.00906936	4.0171788	NA	0.95465328	59.87336092	3.090744102				
TGFb	Zmiz1	0.73243886	16.54765505	1.542857143	1.23126261	35.02945279	3.058608059				
TGFb	Pxn	0.5399264	135.701521	0.91954023	0.72752304	160.1030861	2.933333333				
TGFb	Htra1	0.36853009	3.33919649	1.95	0.431260547	97.9290673	2.906403941				
TGFb	Adam9	0.46559776	3.15764759	6.385964912	1.45172611	45.17491785	2.900641026				
TGFb	Stat3	1.23369945	7.12738802	1.365740741	1.30440477	8.26961291	2.757575758				
TGFb	Furin	0.01244339	0.04121222	2.272727273	0.24793692	1.09419352	2.741496599				
TGFb	Appl2	0.17512788	0.48057223	1.152272727	0.2931202	2.83967985	2.434782609				
TGFb	Spred1	0.09839111	1.13898725	5.357142857	0.23676215	2.40858663	2.431034483				
TGFb	Xbp1	1.07606676	13.83495377	1.069264069	1.4227651	14.03768658	2.37037037				
TGFb	Ski	0.44924117	1.45698177	1.638020833	0.52366479	2.13330078	2.358572201				
TGFb	Usp15	0.81601059	1.97525502	1.14619883	0.60123989	3.4401026	2.349845201				
TGFb	Smad3	0.25346631	2.62136865	8.933333333	0.65369887	125.7043557	2.327272727				
TGFb	1700037H04Rik	0.56408992	1.79137825	2.177514793	0.75381956	110.7683244	2.230769231				
TGFb	Snx25	0.05028286	0.87396081	1.105263158	0.35437169	54.00575716	2.224691358				
TGFb	Pmepa1	0.59623025	95.27276957	2.768707483	1.22649735	487.559623	2.223529412				
TGFb	Ptk2	0.43766596	0.84888259	1.727272727	1.0326	279.3294109	2.117647059				
TGFb	Smad2	0.18838597	0.71545959	2.209821429	0.47347014	4.0483806	2.046818727				
TGFb	Acvr1	0.04991275	11.93621043	174	0.26897911	1.78441257	2.040740741				
TGFb	Smad4	0.19285322	1.13365594	1.647058824	0.24575754	11.92392607	1.991111111				
TGFb	Smurf2	0.05410311	0.23930577	2.533333333	0.59677785	4.63984402	1.960185185				
TGFb	Zeb1	0.56920415	4.65474857	2.895454545	0.54755805	12.46049186	1.939393939				
TGFb	Ptprk	0.43068171	2.77213381	0.866666667	0.41851976	252.621916	1.853820598				
TGFb	Parp1	2.96433762	3.63688277	NA	0.91066512	62.58066374	1.686956522				
TGFb	Chst11	0.00285547	0.0798411	28.33333333	0.472009738	206.955826	1.681442851				
TGFb	Pml	1.14051079	2.00899788	1.301754386	0.58918554	155.5117607	1.61410096				
TGFb	Appl1	0.44265703	0.3131102	0.366666667	0.79272619	17.36938441	1.586122449				
TGFb	Smurf1	0.13982103	0.62377661	3.3	0.24739523	0.46248078	1.485849057				
TGFb	Axin1	0.52802088	114.173994	1.583333333	0.42416232	77.07616677	1.434108527				
TGFb	Ppm1a	0.75548352	10.69939896	1.534090909	0.98674544	190.5994733	1.40440598				
TGFb	Map3k7	1.0490362	145.7350912	0.594642857	0.85711284	125.7443862	1.368979592				
TGFb	Src	0.20627417	0.59790621	3.515306122	0.17138324	0.47736318	1.256888889				
TGFb	Dcp1a	0.363922	0.18766857	0.688995215	0.36540424	7.29089837	1.221719457				
TGFb	Fam89b	0.11465127	0.92336447	2	0.955927391	534.2824	1.134146341				
TGFb	Cdkn1c	0.112867933	87.6294353	4.866666667	0.00804985	0.81975801	0				
TGFb	Pin1	0.09229205	0.06319088	0	0.0360671	0.06026596	0				
											
											
											
											
											
											
											
											
											
											
											
											
											
											
											
											
											
											
											
											
											
											
											
											
											
											
											
											
											
											
											
											
											
											
											
											
											
											
											
											
											
											
											
											
											
											
											
											
											
											
											
											
											
											
											
											
											
											
											
											
											
											
											
											
											
											
											
											
											
											
											
											
											
											
											
											
											
											
											
											
											
											
											
											
											
											
											
											
											
											
											
											
											
											
											
											
											
											
											
											
											
											
											
											
											
											
											
											
											
											
											
											
											
											
											
											
											
											
											
											
											
											
											
											
											
											
											
											
											
											
											
											
											
											
											
											
											
											
											
											
											
											
											
											
											
											
											
											
											
											
											
											
											
											
											
											
											
											
											
											
											
											
											
											
											
											
											
											
											
											
											
											
											
											
											
											
											
											
											
											
											
											
											
											
											
											
											
											
											
											
											
											
											
											
											
											
											
											
											
											
											
											
											
											
											
											
											
											
											
											
											
											
											
											
											
											
											
											
											
											
											
											
											
											
											
											
											
											
											
											
											
											
											
											
											
											
											
											
											
											
											
											
											
											
											
											
											
											
											
											
											
											
											
											
											
											
											
											
											
											
											
											
											
											
											
											
											
											
											
											
											
											
											
											
											
											
											
											
											
											
											
											
											
											
											
											
											
											
											
											
											
											
											
											
											
											
											
											
											
											
											
											
											
											
											
											
											
											
											
											
											
											
											
											
											
											
											
											
											
											
											
											
											
											
											
											
											
											
											
											
											
											
											
											
											
											
											
											
											
											
											
											
											
											
											
											
											
											
											
											
											
											
											
											
											
											
											
											
											
											
											
											
											
											
											
											
											
											
											
											
											
											
											
											
											
											
											
											
											
											
											
											
											
											
											
											
											
											
											
											
											
											
											
											
											
											
											
											
											
											
											
											
											
											
											
											
											
											
											
											
											
											
											
											
											
											
											
											
											
											
											
											
											
											
											
											
											
											
											
											
											
											
											
											
											
											
											
											
											
											
											
											
											
											
											
											
											
											
											
											
											
											
											
											
											
											
											
											
											
											
											
											
											
											
											
											
											
											
											
											
											
											
											
											
											
											
											
											
											
											
											
											
											
											
											
											
											
											
											
											
											
											
											
											
											
											
											
											
											
											
											
											
											
											
											
											
											
											
											
											
											
											
											
											
											
											
											
											
											
											
											
											
											
											
											
											
											
											
											
											
											
											
											
											
											
											
											
											
											
											
											
											
											
											
											
											
											
											
											
											
											
											
											
											
											
											
											
											
											
											
											
											
											
											
											
											
											
											
											
											
											
											
											
											
											
											
											
											
											
											
											
											
											
											
											
											
											
											
											
											
											
											
											
											
											
											
											
											
											
											
											
											
											
											
											
											
											
											
											
											
											
											
											
											
											
											
											
											
											
											
											
											
											
											
											
											
											
											
											
											
											
											
											
											
											
											
											
											
											
											
											
											
											
											
											
											
											
											
											
											
											
											
											
											
											
											
											
											
											
											
											
											
											
											
											
											
											
											
											
											
											
											
											
											
											
											
											
											
											
											
											
											
											
											
											
											
											
											
											
											
											
											
											
											
											
											
											
											
											
											
											
											
											
											
											
											
											
											
											
											
											
											
											
											
											
											
											
											
											
											
											
											
											
											
											
											
											
											
											
											
											
											
											
											
											
											
											
											
											
											
											
											
											
											
											
											
											
											
											
											
											
											
											
											
											
											
											
											
											
											
											
											
											
											
											
											
											
											
											
											
											
											
											
											
											
											
											
											
											
											
											
											
											
											
											
											
											
											
											
											
											
											
											
											
											
											
											
											
											
											
											
											
											
											
											
											
											
											
											
											
											
											
											
											
											
											
											
											
											
											
											
											
											
											
											
											
											
											
											
											
											
											
											
											
											
											
											
											
											
											
											
											
											
											
											
											
											
											
											
											
											
											
											
											
											
											
											
											
											
											
											
											
											
											
											
											
											
											
											
											
											
											
											
											
											
											
											
											
											
											
											
											
											
											
											
											
											
											
											
											
											
											
											
											
											
											
											
											
											
											
											
											
											
											
											
											
											
											
											
											
											
											
											
											
											
											
											
											
											
											
											
											
											
											
											
											
											
											
											
											
											
											
											
											
											
											
											
											
											
											
											
											
											
											
											
											
											
											
											
											
											
											
											
											
											
											
											
											
											
											
											
											
											
											
											
											
											
											
											
											
											
											
											
											
											
											
											
											
											
											
											
											
											
											
											
											
											
											
											
											
											
											
											
											
											
											
											
											
											
											
											
											
											
											
											
											
											
											
											
											
											
											
											
											
											
											
											
											
											
											
											
											
											
											
											
											
											
											
											
											
											
											
											
											
											
											
											
											
											
											
											
											
											
											
											
											
											
											
											
											
											
											
											
											
											
											
											
											
											
											
											
											
											
											
											
											
											
											
											
											
											
											
											
											
											
											
											
											
											
											
											
											
											
											
											
											
											
											
											
											
											
											
											
											
											
											
											
											
											
											
											
											
											
											
											
											
											
											
											
											
											
											
											
											
											
											
											
											
											
											
											
											
											
											
											
											
											
											
											
											
											
											
											
											
											
											
											
											
											
											
											
											
											
											
											
											
											
											
											
											
											
											
											
											
											
											
											
											
											
											
											
											
											
											
											
											
											
											
											
											
											
											
											
											
											
											
											
											
											
											
											
											
											
											
											
											
											
											
											
											
											
											
											
											
											
											
											
											
											
											
											
											
											
											
											
											
											
											
											
											
											
											
											
											
											
											
											
											
											
											
											
											
											
											
											
											
											
											
											
											
											
											
											
											
											
											
											
											
											
											
											
											
											
											
											
											
											
											
											
											
											
											
											
											
											
											
											
											
											
											
											
											
											
											
											
											
											
											
											
											
											
											
											
											
											
											
											
											
											
											
											
											
											
											
											
											
											
											
											
											
											
											
											
											
											
											
											
											
											
											
											
											
											
											
											
											
											
											
											
											
											
											
											
											
											
											
											
											
											
											
											
											
											
											
											
											
											
											
											
											
											
											
											
											
											
											
											
											
											
											
											
											
											
											
											
											
											
											
											
											
											
											
											
											
											
											
											
											
											
											
											
											
											
											
											
											
											
											
											
											
											
											
											
											
											
											
											
											
											
											
											
											
											
											
											
											
											
											
											
											
											
											
											
											
											
											
											
											
											
											
											
											
											
											
											
											
											
											
											
											
											
											
											
											
											
											
											
											
											
											
											
											
											
											
											
											
											
											
											
											
											
											
											
											
											
											
											
											
											
											
											
											
											
											
											
											
											
											
											
											
											
											
											
											
											
											
											
											
											
											
											
											
											
											
											
											
											
											
											
											
											
											
											
											
											
											
											
											
											
											
											
											
											
											
											
											
											
											
											
											
											
											
											
											
											
											
											
											
											
											
											
											
											
											
											
											
											
											
											
											
											
											
											
											
											
											
											
											
											
											
											
											
											
											
											
											
											
											
											
											
											
											
											
											
											
											
											
											
											
											
											
											
											
											
											
											
											
											
											
											
											
											
											
											
											
											
											
											
											
											
											
											
											
											
											
											
											
											
											
											
											
											
											
											
											
											
											
											
											
											
											
											
											
											
											
											
											
											
											
											
											
											
											
											
											
											
											
											
											
											
											
											
											
											
											
											
											
											
											
											
											
											
											
											
											
											
											
											
											
											
											
											
											
											
											
											
											
											
											
											
											
											
											
											
											
											
											
											
											
											
											
											
											
											
											
											
											
											
											
											
											
											
											
											
											
											
											
											
											
											
											
											
											
											
											
											
											
											
											
											
											
											
											
											
											
											
											
											
											
											
											
											
											
											
											
											
											
											
											
											
											
											
											
											
											
											
											
											
											
											
											
											
											
											
											
											
											
											
											
											
											
											
											
											
											
											
											
											
											
											
											
											
											
											
											
											
											
											
											
											
											
											
											
											
											
											
											
											
											
											
											
											
											
											
											
											
											
											
											
											
											
											
											
											
											
											
											
											
											
											
											
											
											
											
											
											
											
											
											
											
											
											
											
											
											
											
											
											
											
											
											
											
											
											
											
											
											
											
											
											
											
											
											
											
											
											
											
											
											
											
											
											
											
											
											
											
											
											
											
											
											
											
											
											
											
											
											
											
											
											
											
											
											
											
											
											
											
											
											
											
											
											
											
											
											
											
											
											
											
											
											
											
											
											
											
											
											
											
											
											
											
											
											
											
											
											
											
											
											
											
											
											
											
											
											
											
											
											
											
											
											
											
											
											
											
											
											
											
											
											
											
											
											
											
											
											
											
											
											
											
											
											
											
											
											
											
											
											
											
											
											
											
											
											
											
											
											
											
											
											
											
											
											
											
											
											
											
											
											
											
											
											
											
											
											
											
											
											
											
											
											
											
											
											
											
											
											
											
											
											
											
											
											
											
											
											
											
											
											
											
											
											
											
											
											
											
											
											
											
											
											
											
											
											
											
											
											
											
											
											
											
											
											
											
											
											
											
											
											
											
											
											
											
											
											
											
											
											
											
											
											
											
											
											
											
											
											
											
											
											
											
											
											
											
											
											
											
											
											
											
											
											
											
											
											
											
											
											
											
											
											
											
											
											
											
											
											
											
											
											
											
											
											
											
											
											
											
											
											
											
											
											
											
											
											
											
											
											
											
											
											
											
											
											
											
											
											
											
											
											
											
											
											
											
											
											
											
											
											
											
											
											
											
											
											
											
											
											
											
											
											
											
											
											
											
											
											
											
											
											
											
											
											
											
											
											
											
											
											
											
											
											
											
											
											
											
											
											
											
											
											
											
											
											
											
											
											
											
											
											
											
											
											
											
											
											
											
											
											
											
											
											
											
											
											
											
											
											
											
											
											
											
											
											
											
											
											
											
											
											
											
											
											
											
											
											
											
											
											
											
											
											
											
											
											
											
											
											
											
											
											
											
											
											
											
											
											
											
											
											
											
											
											
											
											
											
											
											
											
											
											
											
											
											
											
											
											
											
											
											
											
											
											
											
											
											
											
											
											
											
											
											
											
											
											
											
											
											
											
											
											
											
											
											
											
											
											
											
											
											
											
											
											
											
											
											
											
											
											
											
											
											
											
											
											
											
											
											
											
											
											
											
											
											
											
											
											
											
											
											
											
											
											
											
											
											
											
											
											
											
											
											
											
											
											
											
											
											
											
											
											
											
											
											
											
											
											
											
											
											
											
											
											
											
											
											
											
											
											
											
											
											
											
											
											
											
											
											
											
											
											
											
											
											
											
											
											
											
											
											
											
											
											
											
											
											
											
											
											
											
											
											
											
											
											
											
											
											
											
											
											
											
											
											
											
											
											
											
											
											
											
											
											
											
											
											
											
											
											
											
											
											
											
											
											
											
											
											
											
											
											
											
											
											
											
											
											
											
											
											
											
											
											
											
											
											
											
											
											
											
											
											
											
											
											
											
											
											
											
											
											
											
											
											
											
											
											
											
											
											
											
											
											
											
											
											
											
											
											
											
											
											
											
											
											
											
											
											
											
											
											
											
											
											
											
											
											
											
											
											
											
											
											
											
											
											
											
											
											
											
											
											
											
											
											
											
											
											
											
											
											
											
											
											
											
											
											
											
											
											
											
											
											
											
											
											
											
											
											
											
											
											
											
											
											
											
											
											
											
											
											
											
											
											
											
											
											
											
											
											
											
											
											
											
											
											
											
											
											
											
											
											
											
											
											
											
											
											
											
											
											
											
											
											
											
											
											
											
											
											
											
											
											
											
											
											
											
											
											
											
											
											
											
											
											
											
											
											
											
											
											
											
											
											
											
											
											
											
											
											
											
											
											
											
											
											
											
											
											
											
											
											
											
											
											
											
											
											
											
											
											
											
											
											
											
											
											
											
											
											
											
											
											
											
											
											
											
											
											
											
											
											
											
											
											
											
											
											
											
											
											
											
											
											
											
											
											
											
											
											
											
											
											
											
											
											
											
											
											
											
											
											
											
											
											
											
											
											
											
											
											
											
											
											
											
											
											
											
											
											
											
											
											
											
											
											
											
											
											
											
											
											
											
											
											
											
											
											
											
											
											
											
											
											
											
											
											
											
											
											
											
											
											
											
											
											
											
											
											
											
											
											
											
											
											
											
											
											
											
											
											
											
											
											
											
											
											
											
											
											
											
											
											
											
											
											
											
											
											
											
											
											
											
											
											
											
											
											
											
											
											
											
											
											
											
											
											
											
											
											
											
											
											
											
											
											
											
											
											
											
											
											
											
											
											
											
											
											
											
											
											
											
											
											
											
											
											
											
											
											
											
											
											
											
											
											
											
											
											
											
											
											
											
											
											
											
											
											
											
											
											
											
											
											
											
											
											
											
											
											
											
											
											
											
											
											
											
											
											
											
											
											
											
											
											
											
											
											
											
											
											
											
											
											
											
											
											
											
											
											
											
											
											
											
											
											
											
											
											
											
											
											
											
											
											
											
											
											
											
											
											
											
											
											
											
											
											
											
											
											
											
											
											
											
											
											
											
											
											
											
											
											
											
											
											
											
											
											
											
											
											
											
											
											
											
											
											
											
											
											
											
											
											
											
											
											
											
											
											
											
											
											
											
											
											
											
											
											
											
											
											
											
											
											
											
											
											
											
											
											
											
											
											
											
											
											
											
											
											
											
											
											
											
											
											
											
											
											
											
											
											
											
											
											
											
											
											
											
											
											
											
											
											
											
											
											
											
											
											
											
											
											
											
											
											
											
											
											
											
											
											
											
											
											
											
											
											
											
											
											
											
											
											
											
											
											
											
											
											
											
											
											
											
											
											
											
											
											
											
											
											
											
											
											
											
											
											
											
											
											
											
											
											
											
											
											
											
											
											
											
											
											
											
											
											
											
											
											
											
											
											
											
											
											
											
											
											
											
											
											
											
											
											
											
											
											
											
											
											
											
											
											
											
											
											
											
											
											
											
											
											
											
											
											
											
											
											
											
											
											
											
											
											
											
											
											
											
											
											
											
											
											
											
											
											
											
											
											
											
											
											
											
											
											
											
											
											
											
											
											
											
											
											
											
											
											
											
											
											
											
											
											
											
											
											
											
											
											
											
											
											
											
											
											
											
											
											
											
											
											
											
											
											
											
											
											
											
											
											
											
											
											
											
											
											
											
											
											
											
											
											
											
											
											
											
											
											
											
											
											
											
											
											
											
											
											
											
											
											
											
											
											
											
											
											
											
											
											
											
											
											
											
											
											
											
											
											
											
											
											
											
											
											
											
											
											
											
											
											
											
											
											
											
											
											
											
											
											
											
											
											
											
											
											
											
											
											
											
											
											
											
											
											
											
											
											
											
											
											
											
											
											
											
											
											
											
											
											
											
											
											
											
											
											
											
											
											
											
											
											
											
											
											
											
											
											
											
											
											
											
											
											
											
											
											
											
											
											
											
											
											
											
											
											
											
											
											
											
											
											
											
											
											
											
											
											
											
											
											
											
											
											
											
											
											
											
											
											
											
											
											
											
											
											
											
											
											
											
											
											
											
											
											
											
											
											
											
											
											
											
											
											
											
											
											
											
											
											
											
											
											
											
											
											
											
											
											
											
											
											
											
											
											
											
											
											
											
											
											
											
											
											
											
											
											
											
											
											
											
											
											
											
											
											
											
											
											
											
											
											
											
											
											
											
											
											
											
											
											
											
											
											
											
											
											
											
											
											
											
											
											
											
											
											
											
											
											
											
											
											
											
											
											
											
											
											
											
											
											
											
											
											
											
											
											
											
											
											
											
											
											
											
											
											
											
											
											
											
											
											
											
											
											
											
											
											
											
											
											
											
											
											
											
											
											
											
											
											
											
											
											
											
											
											
											
											
											
											
											
											
											
											
											
											
											
											
											
											
											
											
											
											
											
											
											
											
											
											
											
											
											
											
											
											
											
											
											
											
											
											
											
											
											
											
											
											
											
											
											
											
											
											
											
											
											
											
											
											
											
											
											
											
											
											
											
											
											
											
											
											
											
											
											
											
											
											
											
											
											
											
											
											
											
											
											
											
											
											
											
											
											
											
											
											
											
											
											
											
											
											
											
											
											
											
											
											
											
											
											
											
											
											
											
											
											
											
											
											
											
											
											
											
											
											
											
											
											
											
											
											
											
											
											
											
											
											
											
											
											
											
											
											
											
											
											
											
											
											
											
											
											
											
											
											
											
											
											
											
											
											
											
											
											
											
											
											
											
											
											
											
											
											
											
											
											
											
											
											
											
											
											
											
											
											
											
											
											
											
											
											
											
											
											
											
											
											
											
											
											
											
											
											
											
											
											
											
											
											
											
											
											
											
											
											
											
											
											
											
											
											
											
											
											
											
											
											
											
											
											
											
											
											
											
											
											
											
											
											
											
											
											
											
											
											
											
											
											
											
											
											
											
											
											
											
											
											
											
											
											
											
											
											
											
											
											
											
											
											
											
											
											
											
											
											
											
											
											
											
											
											
											
											
											
											
											
											
											
											
											
											
											
											
											
											
											
											
											
											
											
											
											
											
											
											
											
											
											
											
											
											
											
											
											
											
											
											
											
											
											
											
											
											
											
											
											
											
											
											
											
											
											
											
											
											
											
											
											
											
											
											
											
											
											
											
											
											
											
											
											
											
											
											
											
											
											
											
											
											
											
											
											
											
											
											
											
											
											
											
											
											
											
											
											
											
											
											
											
											
											
											
											
											
											
											
											
											
											
											
											
											
											
											
											
											
											
											
											
											
											
											
											
											
											
											
											
											
											
											
											
											
											
											
											
											
											
											
											
											
											
											
											
											
											
											
											
											
											
											
											
											
											
											
											
											
											
											
											
											
											
											
											
											
											
											
											
											
											
											
											
											
											
											
											
											
											
											
											
											
											
											
											
											
											
											
											
											
											
											
											
											
											
											
											
											
											
											
											
											
											
											
											
											
											
											
											
											
											
											
											
											
											
											
											
											
											
											
											
											
											
											
											
											
											
											
											
											
											
											
											
											
											
											
											
											
											
											
											
											
											
											
											
											
											
											
											
											
											
											
											
											
											
											
											
											
											
											
											
											
											
											
											
											
											
											
											
											
											
											
											
											
											
											
											
											
											
											
											
											
											
											
											
											
											
											
											
											
											
											
											
											
											
											
											
											
											
											
											
											
											
											
											
											
											
											
											
											
											
											
											
											
											
											
											
											
											
											
											
											
											
											
											
											
											
											
											
											
											
											
											
											
											
											
											
											
											
											
											
											
											
											
											
											
											
											
											
											
											
											
											
											
											
											
											
											
											
											
											
											
											
											
											
											
											
											
											
											
											
											
											
											
											
											
											
											
											
											
											
											
											
											
											
											
											
											
											
											
											
											
											
											
											
											
											
											
											
											
											
											
											
											
											
											
											
											
											
											
											
											
											
											
											
											
											
											
											
											
											
											
											
											
											
											
											
											
											
											
											
											
											
											
											
											
											
											
											
											
											
											
											
											
											
											
											
											
											
											
											
											
											
											
											
											
											
											
											
											
											
											
											
											
											
											
											
											
											
											
											
											
											
											
											
											
											
											
											
											
											
											
											
											
											
											